7.392811030149459839e-02
4.213793575763702393e-02
6.466914713382720947e-02
9.851558506488800049e-02
1.016905978322029114e-01
9.949545562267303467e-02
9.402020275592803955e-02
5.187067016959190369e-02
4.047437384724617004e-02
2.625993452966213226e-02
1.000673044472932816e-02
-1.321311574429273605e-02
4.393111448734998703e-03
1.911071315407752991e-02
3.587542474269866943e-02
2.983118034899234772e-02
6.369117647409439087e-03
-1.684844307601451874e-02
-3.677864372730255127e-02
2.368194609880447388e-02
5.610997322946786880e-03
-1.536319963634014130e-02
-4.221668839454650879e-02
9.721393138170242310e-02
