4.703328013420104980e-02
2.218250371515750885e-02
-2.288828045129776001e-02
1.587905921041965485e-02
-2.083092369139194489e-02
-3.751453012228012085e-02
-5.219941958785057068e-02
-4.236610233783721924e-02
-5.413040891289710999e-02
-6.372035294771194458e-02
-6.468044966459274292e-02
-6.610775738954544067e-02
-5.800014734268188477e-02
-4.570247605443000793e-02
-2.904250472784042358e-02
1.660567126236855984e-03
-1.140020973980426788e-02
-2.240497991442680359e-02
-3.190968185663223267e-02
3.194250538945198059e-02
3.425788506865501404e-02
3.957895189523696899e-02
4.656150937080383301e-02
-9.068092331290245056e-03
