5.142329931259155273e-01
5.077654719352722168e-01
4.350316226482391357e-01
4.672796130180358887e-01
4.197508394718170166e-01
3.851462602615356445e-01
3.470582664012908936e-01
4.039929807186126709e-01
3.767250180244445801e-01
3.191206455230712891e-01
2.567394673824310303e-01
3.426048755645751953e-01
3.744737803936004639e-01
4.095682203769683838e-01
4.397045969963073730e-01
4.920013248920440674e-01
4.851332306861877441e-01
4.803724288940429688e-01
4.777144789695739746e-01
5.314037799835205078e-01
5.429511666297912598e-01
5.609200596809387207e-01
5.855404734611511230e-01
4.420633912086486816e-01
